/X Y nT sq time 
  0 190.0 49412.08 87.0 095620.0 
 0 191.0 49034.047 13.0 095625.0 
 0 192.0 49434.87 100.0 095630.0 
 0 193.0 49452.633 100.0 095635.0 
 0 194.0 49535.242 100.0 095640.0 
 0 195.0 49494.016 100.0 095645.0 
 0 196.0 49365.82 100.0 095650.0 
 0 197.0 49349.13 100.0 095655.0 
 0 198.0 49436.91 100.0 095700.0 
 0 199.0 49408.742 100.0 095705.0 
 0 200.0 49406.582 100.0 095710.0 
 0 201.0 49406.19 100.0 095715.0 
 0 202.0 49404.87 100.0 095720.0 
 0 203.0 49406.52 100.0 095725.0 
 0 204.0 49405.438 100.0 095730.0 
 0 205.0 49406.125 100.0 095735.0 
 0 206.0 49406.07 100.0 095740.0 
 0 207.0 49406.105 100.0 095745.0 
 0 208.0 49404.562 100.0 095750.0 
 0 209.0 49398.652 100.0 095755.0 
 0 210.0 49399.086 100.0 095800.0 
 0 211.0 49403.625 100.0 095805.0 
 0 212.0 49402.258 100.0 095810.0 
 0 213.0 49401.062 100.0 095815.0 
 0 214.0 49405.273 100.0 095820.0 
 0 215.0 49402.945 100.0 095825.0 
 0 216.0 49401.68 100.0 095830.0 
 0 217.0 49401.652 100.0 095835.0 
 0 218.0 49400.992 100.0 095840.0 
 0 219.0 49402.555 100.0 095845.0 
 0 220.0 49402.496 100.0 095850.0 
 0 221.0 49402.586 100.0 095855.0 
 0 222.0 49402.5 100.0 095900.0 
 0 223.0 49402.656 100.0 095905.0 
 0 224.0 49402.773 100.0 095910.0 
 0 225.0 49402.195 100.0 095915.0 
 0 226.0 49402.42 100.0 095920.0 
 0 227.0 49402.49 100.0 095925.0 
 0 228.0 49402.496 100.0 095930.0 
 0 229.0 49402.492 100.0 095935.0 
 0 230.0 49402.508 100.0 095940.0 
 0 231.0 49402.703 100.0 095945.0 
 0 232.0 49402.832 100.0 095950.0 
 0 233.0 49402.7 100.0 095955.0 
 0 234.0 49402.715 100.0 100000.0 
 0 235.0 49402.43 100.0 100005.0 
 0 236.0 49402.582 100.0 100010.0 
 0 237.0 49401.92 100.0 100015.0 
 0 238.0 49402.168 100.0 100020.0 
 0 239.0 49402.19 100.0 100025.0 
 0 240.0 49402.21 100.0 100030.0 
 0 241.0 49401.79 100.0 100035.0 
 0 242.0 49401.965 100.0 100040.0 
 0 243.0 49401.99 100.0 100045.0 
 0 244.0 49402.2 100.0 100050.0 
 0 245.0 49402.605 100.0 100055.0 
 0 246.0 49405.29 100.0 100100.0 
 0 247.0 49405.242 100.0 100105.0 
 0 248.0 49405.367 100.0 100110.0 
 0 249.0 49405.36 100.0 100115.0 
 0 250.0 49398.54 100.0 100120.0 
 0 251.0 49403.293 100.0 100125.0 
 0 252.0 49403.285 100.0 100130.0 
 0 253.0 49391.742 100.0 100135.0 
 0 254.0 49388.195 100.0 100140.0 
 0 255.0 49387.6 100.0 100145.0 
 0 256.0 49388.105 100.0 100150.0 
 0 257.0 49388.113 100.0 100155.0 
 0 258.0 49388.05 100.0 100200.0 
 0 259.0 49388.1 100.0 100205.0 
 0 260.0 49388.008 100.0 100210.0 
 0 261.0 49387.492 100.0 100215.0 
 0 262.0 49387.676 100.0 100220.0 
 0 263.0 49387.844 100.0 100225.0 
 0 264.0 49387.703 100.0 100230.0 
 0 265.0 49387.88 100.0 100235.0 
 0 266.0 49387.895 100.0 100240.0 
 0 267.0 49387.89 100.0 100245.0 
 0 268.0 49387.773 100.0 100250.0 
 0 269.0 49388.113 100.0 100255.0 
 0 270.0 49387.965 100.0 100300.0 
 0 271.0 49387.785 100.0 100305.0 
 0 272.0 49387.598 100.0 100310.0 
 0 273.0 49387.242 100.0 100315.0 
 0 274.0 49385.3 100.0 100320.0 
 0 275.0 49385.344 100.0 100325.0 
 0 276.0 49384.82 100.0 100330.0 
 0 277.0 49388.613 100.0 100335.0 
 0 278.0 49387.895 100.0 100340.0 
 0 279.0 49387.84 100.0 100345.0 
 0 280.0 49387.906 100.0 100350.0 
 0 281.0 49387.75 100.0 100355.0 
 0 282.0 49387.242 100.0 100400.0 
 0 283.0 49386.94 100.0 100405.0 
 0 284.0 49387.77 100.0 100410.0 
 0 285.0 49387.906 100.0 100415.0 
 0 286.0 49387.87 100.0 100420.0 
 0 287.0 49387.875 100.0 100425.0 
 0 288.0 49387.758 100.0 100430.0 
 0 289.0 49387.934 100.0 100435.0 
 0 290.0 49388.023 100.0 100440.0 
 0 291.0 49387.57 100.0 100445.0 
 0 292.0 49387.035 100.0 100450.0 
 0 293.0 49387.133 100.0 100455.0 
 0 294.0 49387.168 100.0 100500.0 
 0 295.0 49387.426 100.0 100505.0 
 0 296.0 49387.605 100.0 100510.0 
 0 297.0 49387.016 100.0 100515.0 
 0 298.0 49387.66 100.0 100520.0 
 0 299.0 49388.09 100.0 100525.0 
 0 300.0 49387.62 100.0 100530.0 
 0 301.0 49387.49 100.0 100535.0 
 0 302.0 49387.523 100.0 100540.0 
 0 303.0 49387.6 100.0 100545.0 
 0 304.0 49387.56 100.0 100550.0 
 0 305.0 49387.508 100.0 100555.0 
 0 306.0 49386.93 100.0 100600.0 
 0 307.0 49387.074 100.0 100605.0 
 0 308.0 49387.1 100.0 100610.0 
 0 309.0 49387.176 100.0 100615.0 
 0 310.0 49387.348 100.0 100620.0 
 0 311.0 49387.61 100.0 100625.0 
 0 312.0 49387.77 100.0 100630.0 
 0 313.0 49387.758 100.0 100635.0 
 0 314.0 49387.582 100.0 100640.0 
 0 315.0 49387.54 100.0 100645.0 
 0 316.0 49387.277 100.0 100650.0 
 0 317.0 49386.992 100.0 100655.0 
 0 318.0 49387.414 100.0 100700.0 
 0 319.0 49387.41 100.0 100705.0 
 0 320.0 49387.395 100.0 100710.0 
 0 321.0 49387.242 100.0 100715.0 
 0 322.0 49387.23 100.0 100720.0 
 0 323.0 49387.31 100.0 100725.0 
 0 324.0 49387.156 100.0 100730.0 
 0 325.0 49387.453 100.0 100735.0 
 0 326.0 49387.434 100.0 100740.0 
 0 327.0 49387.066 100.0 100745.0 
 0 328.0 49387.004 100.0 100750.0 
 0 329.0 49385.496 100.0 100755.0 
 0 330.0 49386.203 100.0 100800.0 
 0 331.0 49386.78 100.0 100805.0 
 0 332.0 49386.79 100.0 100810.0 
 0 333.0 49386.867 100.0 100815.0 
 0 334.0 49386.86 100.0 100820.0 
 0 335.0 49386.844 100.0 100825.0 
 0 336.0 49386.95 100.0 100830.0 
 0 337.0 49387.047 100.0 100835.0 
 0 338.0 49387.094 100.0 100840.0 
 0 339.0 49387.023 100.0 100845.0 
 0 340.0 49386.797 100.0 100850.0 
 0 341.0 49386.668 100.0 100855.0 
 0 342.0 49386.63 100.0 100900.0 
 0 343.0 49386.625 100.0 100905.0 
 0 344.0 49386.65 100.0 100910.0 
 0 345.0 49386.566 100.0 100915.0 
 0 346.0 49386.582 100.0 100920.0 
 0 347.0 49386.445 100.0 100925.0 
 0 348.0 49386.484 100.0 100930.0 
 0 349.0 49386.52 100.0 100935.0 
 0 350.0 49386.555 100.0 100940.0 
 0 351.0 49386.555 100.0 100945.0 
 0 352.0 49386.562 100.0 100950.0 
 0 353.0 49386.574 100.0 100955.0 
 0 354.0 49386.78 100.0 101000.0 
 0 355.0 49386.82 100.0 101005.0 
 0 356.0 49386.902 100.0 101010.0 
 0 357.0 49386.94 100.0 101015.0 
 0 358.0 49386.98 100.0 101020.0 
 0 359.0 49386.973 100.0 101025.0 
 0 360.0 49386.97 100.0 101030.0 
 0 361.0 49386.938 100.0 101035.0 
 0 362.0 49386.945 100.0 101040.0 
 0 363.0 49386.883 100.0 101045.0 
 0 364.0 49386.85 100.0 101050.0 
 0 365.0 49386.56 100.0 101055.0 
 0 366.0 49386.406 100.0 101100.0 
 0 367.0 49386.473 100.0 101105.0 
 0 368.0 49386.55 100.0 101110.0 
 0 369.0 49386.43 100.0 101115.0 
 0 370.0 49386.36 100.0 101120.0 
 0 371.0 49386.4 100.0 101125.0 
 0 372.0 49386.49 100.0 101130.0 
 0 373.0 49386.484 100.0 101135.0 
 0 374.0 49386.47 100.0 101140.0 
 0 375.0 49386.453 100.0 101145.0 
 0 376.0 49386.312 100.0 101150.0 
 0 377.0 49386.152 100.0 101155.0 
 0 378.0 49386.105 100.0 101200.0 
 0 379.0 49386.016 100.0 101205.0 
 0 380.0 49386.055 100.0 101210.0 
 0 381.0 49386.33 100.0 101215.0 
 0 382.0 49386.492 100.0 101220.0 
 0 383.0 49386.6 100.0 101225.0 
 0 384.0 49386.766 100.0 101230.0 
 0 385.0 49386.93 100.0 101235.0 
 0 386.0 49386.74 100.0 101240.0 
 0 387.0 49386.53 100.0 101245.0 
 0 388.0 49386.336 100.0 101250.0 
 0 389.0 49386.297 100.0 101255.0 
 0 390.0 49386.336 100.0 101300.0 
 0 391.0 49386.33 100.0 101305.0 
 0 392.0 49386.35 100.0 101310.0 
 0 393.0 49386.156 100.0 101315.0 
 0 394.0 49386.453 100.0 101320.0 
 0 395.0 49386.844 100.0 101325.0 
 0 396.0 49387.05 100.0 101330.0 
 0 397.0 49387.113 100.0 101335.0 
 0 398.0 49386.94 100.0 101340.0 
 0 399.0 49386.99 100.0 101345.0 
 0 400.0 49387.047 100.0 101350.0 
 0 401.0 49387.11 100.0 101355.0 
 0 402.0 49387.094 100.0 101400.0 
 0 403.0 49387.1 100.0 101405.0 
 0 404.0 49387.09 100.0 101410.0 
 0 405.0 49387.242 100.0 101415.0 
 0 406.0 49387.47 100.0 101420.0 
 0 407.0 49386.883 100.0 101425.0 
 0 408.0 49386.348 100.0 101430.0 
 0 409.0 49386.152 100.0 101435.0 
 0 410.0 49386.62 100.0 101440.0 
 0 411.0 49386.758 100.0 101445.0 
 0 412.0 49386.61 100.0 101450.0 
 0 413.0 49386.44 100.0 101455.0 
 0 414.0 49386.387 100.0 101500.0 
 0 415.0 49386.36 100.0 101505.0 
 0 416.0 49386.164 77.0 101510.0 
 0 417.0 49386.09 100.0 101515.0 
 0 418.0 49386.086 100.0 101520.0 
 0 419.0 49385.95 100.0 101525.0 
 0 420.0 49385.89 100.0 101530.0 
 0 421.0 49385.766 100.0 101535.0 
 0 422.0 49385.9 100.0 101540.0 
 0 423.0 49386.188 100.0 101545.0 
 0 424.0 49386.32 100.0 101550.0 
 0 425.0 49386.242 100.0 101555.0 
 0 426.0 49386.395 100.0 101600.0 
 0 427.0 49386.336 100.0 101605.0 
 0 428.0 49386.234 100.0 101610.0 
 0 429.0 49386.11 100.0 101615.0 
 0 430.0 49386.117 100.0 101620.0 
 0 431.0 49386.293 100.0 101625.0 
 0 432.0 49386.363 100.0 101630.0 
 0 433.0 49386.34 100.0 101635.0 
 0 434.0 49386.12 100.0 101640.0 
 0 435.0 49386.016 100.0 101645.0 
 0 436.0 49385.953 100.0 101650.0 
 0 437.0 49385.926 100.0 101655.0 
 0 438.0 49386.113 100.0 101700.0 
 0 439.0 49386.21 100.0 101705.0 
 0 440.0 49386.223 100.0 101710.0 
 0 441.0 49386.254 100.0 101715.0 
 0 442.0 49386.53 100.0 101720.0 
 0 443.0 49386.598 100.0 101725.0 
 0 444.0 49386.52 100.0 101730.0 
 0 445.0 49386.156 100.0 101735.0 
 0 446.0 49386.113 100.0 101740.0 
 0 447.0 49386.203 100.0 101745.0 
 0 448.0 49386.195 100.0 101750.0 
 0 449.0 49386.258 100.0 101755.0 
 0 450.0 49386.19 100.0 101800.0 
 0 451.0 49386.22 100.0 101805.0 
 0 452.0 49386.14 100.0 101810.0 
 0 453.0 49386.215 100.0 101815.0 
 0 454.0 49386.586 100.0 101820.0 
 0 455.0 49386.28 100.0 101825.0 
 0 456.0 49386.35 100.0 101830.0 
 0 457.0 49386.105 100.0 101835.0 
 0 458.0 49385.91 93.0 101840.0 
 0 459.0 49385.918 100.0 101845.0 
 0 460.0 49385.977 100.0 101850.0 
 0 461.0 49386.227 100.0 101855.0 
 0 462.0 49386.344 100.0 101900.0 
 0 463.0 49386.297 100.0 101905.0 
 0 464.0 49386.336 100.0 101910.0 
 0 465.0 49386.31 100.0 101915.0 
 0 466.0 49386.074 100.0 101920.0 
 0 467.0 49385.703 100.0 101925.0 
 0 468.0 49385.598 100.0 101930.0 
 0 469.0 49385.504 100.0 101935.0 
 0 470.0 49385.64 100.0 101940.0 
 0 471.0 49385.727 100.0 101945.0 
 0 472.0 49385.727 100.0 101950.0 
 0 473.0 49385.723 100.0 101955.0 
 0 474.0 49385.832 100.0 102000.0 
 0 475.0 49385.848 100.0 102005.0 
 0 476.0 49385.836 100.0 102010.0 
 0 477.0 49385.89 100.0 102015.0 
 0 478.0 49385.824 100.0 102020.0 
 0 479.0 49385.527 100.0 102025.0 
 0 480.0 49385.375 100.0 102030.0 
 0 481.0 49385.297 100.0 102035.0 
 0 482.0 49385.29 100.0 102040.0 
 0 483.0 49385.29 100.0 102045.0 
 0 484.0 49385.22 100.0 102050.0 
 0 485.0 49385.414 100.0 102055.0 
 0 486.0 49385.543 100.0 102100.0 
 0 487.0 49385.656 100.0 102105.0 
 0 488.0 49385.64 100.0 102110.0 
 0 489.0 49385.727 100.0 102115.0 
 0 490.0 49385.895 100.0 102120.0 
 0 491.0 49386.117 100.0 102125.0 
 0 492.0 49385.91 100.0 102130.0 
 0 493.0 49385.918 100.0 102135.0 
 0 494.0 49386.055 100.0 102140.0 
 0 495.0 49386.266 100.0 102145.0 
 0 496.0 49386.406 100.0 102150.0 
 0 497.0 49386.42 100.0 102155.0 
 0 498.0 49386.4 100.0 102200.0 
 0 499.0 49386.06 100.0 102205.0 
 0 500.0 49385.637 100.0 102210.0 
 0 501.0 49385.71 100.0 102215.0 
 0 502.0 49385.863 100.0 102220.0 
 0 503.0 49386.074 100.0 102225.0 
 0 504.0 49386.082 100.0 102230.0 
 0 505.0 49386.027 100.0 102235.0 
 0 506.0 49386.11 100.0 102240.0 
 0 507.0 49386.074 100.0 102245.0 
 0 508.0 49385.805 100.0 102250.0 
 0 509.0 49385.555 100.0 102255.0 
 0 510.0 49385.48 100.0 102300.0 
 0 511.0 49385.58 100.0 102305.0 
 0 512.0 49385.465 100.0 102310.0 
 0 513.0 49385.39 100.0 102315.0 
 0 514.0 49385.297 100.0 102320.0 
 0 515.0 49385.273 100.0 102325.0 
 0 516.0 49385.43 100.0 102330.0 
 0 517.0 49385.54 100.0 102335.0 
 0 518.0 49385.4 100.0 102340.0 
 0 519.0 49385.21 100.0 102345.0 
 0 520.0 49384.992 100.0 102350.0 
 0 521.0 49384.973 100.0 102355.0 
 0 522.0 49387.42 100.0 102400.0 
 0 523.0 49385.695 100.0 102405.0 
 0 524.0 49386.008 100.0 102410.0 
 0 525.0 49385.953 100.0 102415.0 
 0 526.0 49385.797 100.0 102420.0 
 0 527.0 49385.75 100.0 102425.0 
 0 528.0 49385.6 100.0 102430.0 
 0 529.0 49385.402 100.0 102435.0 
 0 530.0 49385.332 100.0 102440.0 
 0 531.0 49385.355 100.0 102445.0 
 0 532.0 49385.434 100.0 102450.0 
 0 533.0 49385.484 100.0 102455.0 
 0 534.0 49385.19 100.0 102500.0 
 0 535.0 49385.01 100.0 102505.0 
 0 536.0 49385.133 100.0 102510.0 
 0 537.0 49385.273 86.0 102515.0 
 0 538.0 49385.453 100.0 102520.0 
 0 539.0 49385.37 100.0 102525.0 
 0 540.0 49385.047 100.0 102530.0 
 0 541.0 49385.07 100.0 102535.0 
 0 542.0 49385.14 100.0 102540.0 
 0 543.0 49385.184 100.0 102545.0 
 0 544.0 49385.348 100.0 102550.0 
 0 545.0 49385.445 100.0 102555.0 
 0 546.0 49385.336 100.0 102600.0 
 0 547.0 49385.15 100.0 102605.0 
 0 548.0 49385.152 100.0 102610.0 
 0 549.0 49385.227 100.0 102615.0 
 0 550.0 49385.4 100.0 102620.0 
 0 551.0 49385.445 100.0 102625.0 
 0 552.0 49385.477 100.0 102630.0 
 0 553.0 49385.42 100.0 102635.0 
 0 554.0 49385.484 100.0 102640.0 
 0 555.0 49385.44 100.0 102645.0 
 0 556.0 49385.336 100.0 102650.0 
 0 557.0 49385.27 100.0 102655.0 
 0 558.0 49385.25 76.0 102700.0 
 0 559.0 49385.26 100.0 102705.0 
 0 560.0 49385.25 100.0 102710.0 
 0 561.0 49385.273 100.0 102715.0 
 0 562.0 49385.29 100.0 102720.0 
 0 563.0 49385.363 100.0 102725.0 
 0 564.0 49385.367 100.0 102730.0 
 0 565.0 49385.52 100.0 102735.0 
 0 566.0 49385.477 100.0 102740.0 
 0 567.0 49385.363 100.0 102745.0 
 0 568.0 49385.25 100.0 102750.0 
 0 569.0 49385.176 100.0 102755.0 
 0 570.0 49385.242 100.0 102800.0 
 0 571.0 49385.332 100.0 102805.0 
 0 572.0 49385.26 100.0 102810.0 
 0 573.0 49385.664 100.0 102815.0 
 0 574.0 49385.695 100.0 102820.0 
 0 575.0 49385.676 100.0 102825.0 
 0 576.0 49385.562 100.0 102830.0 
 0 577.0 49385.566 100.0 102835.0 
 0 578.0 49385.637 100.0 102840.0 
 0 579.0 49385.68 100.0 102845.0 
 0 580.0 49385.4 100.0 102850.0 
 0 581.0 49385.375 100.0 102855.0 
 0 582.0 49385.36 100.0 102900.0 
 0 583.0 49385.418 100.0 102905.0 
 0 584.0 49385.43 100.0 102910.0 
 0 585.0 49385.332 100.0 102915.0 
 0 586.0 49385.29 100.0 102920.0 
 0 587.0 49385.28 100.0 102925.0 
 0 588.0 49385.42 100.0 102930.0 
 0 589.0 49385.48 100.0 102935.0 
 0 590.0 49385.61 100.0 102940.0 
 0 591.0 49385.293 100.0 102945.0 
 0 592.0 49384.973 100.0 102950.0 
 0 593.0 49384.613 100.0 102955.0 
 0 594.0 49384.617 100.0 103000.0 
 0 595.0 49384.93 100.0 103005.0 
 0 596.0 49385.02 100.0 103010.0 
 0 597.0 49385.0 100.0 103015.0 
 0 598.0 49384.96 100.0 103020.0 
 0 599.0 49384.984 100.0 103025.0 
 0 600.0 49385.066 100.0 103030.0 
 0 601.0 49385.215 100.0 103035.0 
 0 602.0 49385.227 100.0 103040.0 
 0 603.0 49385.17 100.0 103045.0 
 0 604.0 49385.168 100.0 103050.0 
 0 605.0 49385.082 100.0 103055.0 
 0 606.0 49384.992 80.0 103100.0 
 0 607.0 49384.94 100.0 103105.0 
 0 608.0 49385.13 100.0 103110.0 
 0 609.0 49385.273 100.0 103115.0 
 0 610.0 49385.31 100.0 103120.0 
 0 611.0 49385.33 100.0 103125.0 
 0 612.0 49385.273 100.0 103130.0 
 0 613.0 49385.035 100.0 103135.0 
 0 614.0 49384.977 100.0 103140.0 
 0 615.0 49384.86 100.0 103145.0 
 0 616.0 49384.883 100.0 103150.0 
 0 617.0 49384.867 100.0 103155.0 
 0 618.0 49384.883 100.0 103200.0 
 0 619.0 49384.867 97.0 103205.0 
 0 620.0 49384.707 100.0 103210.0 
 0 621.0 49384.625 100.0 103215.0 
 0 622.0 49384.863 91.0 103220.0 
 0 623.0 49385.117 100.0 103225.0 
 0 624.0 49385.25 100.0 103230.0 
 0 625.0 49384.76 100.0 103235.0 
 0 626.0 49384.848 100.0 103240.0 
 0 627.0 49385.387 100.0 103245.0 
 0 628.0 49385.66 100.0 103250.0 
 0 629.0 49385.83 100.0 103255.0 
 0 630.0 49385.855 100.0 103300.0 
 0 631.0 49385.883 100.0 103305.0 
 0 632.0 49385.85 100.0 103310.0 
 0 633.0 49386.004 100.0 103315.0 
 0 634.0 49385.72 100.0 103320.0 
 0 635.0 49385.723 100.0 103325.0 
 0 636.0 49385.71 100.0 103330.0 
 0 637.0 49385.742 100.0 103335.0 
 0 638.0 49385.727 100.0 103340.0 
 0 639.0 49385.04 100.0 103345.0 
 0 640.0 49385.207 100.0 103350.0 
 0 641.0 49385.48 100.0 103355.0 
 0 642.0 49385.684 100.0 103400.0 
 0 643.0 49385.574 100.0 103405.0 
 0 644.0 49385.48 100.0 103410.0 
 0 645.0 49385.508 100.0 103415.0 
 0 646.0 49385.426 100.0 103420.0 
 0 647.0 49385.348 100.0 103425.0 
 0 648.0 49385.297 100.0 103430.0 
 0 649.0 49385.516 100.0 103435.0 
 0 650.0 49385.71 100.0 103440.0 
 0 651.0 49385.582 100.0 103445.0 
 0 652.0 49385.49 100.0 103450.0 
 0 653.0 49385.492 100.0 103455.0 
 0 654.0 49385.746 100.0 103500.0 
 0 655.0 49385.98 100.0 103505.0 
 0 656.0 49381.742 100.0 103510.0 
 0 657.0 49383.676 100.0 103515.0 
 0 658.0 49381.26 100.0 103520.0 
 0 659.0 49385.906 100.0 103525.0 
 0 660.0 49385.906 100.0 103530.0 
 0 661.0 49385.953 100.0 103535.0 
 0 662.0 49386.19 100.0 103540.0 
 0 663.0 49386.484 100.0 103545.0 
 0 664.0 49386.453 100.0 103550.0 
 0 665.0 49386.31 100.0 103555.0 
 0 666.0 49386.133 100.0 103600.0 
 0 667.0 49386.082 100.0 103605.0 
 0 668.0 49385.87 100.0 103610.0 
 0 669.0 49385.824 100.0 103615.0 
 0 670.0 49385.562 100.0 103620.0 
 0 671.0 49385.574 100.0 103625.0 
 0 672.0 49385.426 100.0 103630.0 
 0 673.0 49385.484 100.0 103635.0 
 0 674.0 49385.707 100.0 103640.0 
 0 675.0 49385.94 100.0 103645.0 
 0 676.0 49385.926 82.0 103650.0 
 0 677.0 49385.875 100.0 103655.0 
 0 678.0 49385.914 100.0 103700.0 
 0 679.0 49385.85 100.0 103705.0 
 0 680.0 49385.848 100.0 103710.0 
 0 681.0 49385.863 100.0 103715.0 
 0 682.0 49385.914 100.0 103720.0 
 0 683.0 49386.418 100.0 103725.0 
 0 684.0 49386.82 100.0 103730.0 
 0 685.0 49387.375 100.0 103735.0 
 0 686.0 49387.203 100.0 103740.0 
 0 687.0 49387.105 100.0 103745.0 
 0 688.0 49387.074 100.0 103750.0 
 0 689.0 49387.273 100.0 103755.0 
 0 690.0 49387.457 100.0 103800.0 
 0 691.0 49387.637 100.0 103805.0 
 0 692.0 49387.49 100.0 103810.0 
 0 693.0 49387.4 100.0 103815.0 
 0 694.0 49387.348 100.0 103820.0 
 0 695.0 49387.355 100.0 103825.0 
 0 696.0 49387.336 100.0 103830.0 
 0 697.0 49387.36 100.0 103835.0 
 0 698.0 49386.98 100.0 103840.0 
 0 699.0 49386.848 100.0 103845.0 
 0 700.0 49386.83 100.0 103850.0 
 0 701.0 49386.938 100.0 103855.0 
 0 702.0 49387.234 100.0 103900.0 
 0 703.0 49387.35 100.0 103905.0 
 0 704.0 49387.37 100.0 103910.0 
 0 705.0 49387.445 100.0 103915.0 
 0 706.0 49387.42 100.0 103920.0 
 0 707.0 49387.27 100.0 103925.0 
 0 708.0 49387.14 100.0 103930.0 
 0 709.0 49387.246 100.0 103935.0 
 0 710.0 49387.117 100.0 103940.0 
 0 711.0 49386.977 100.0 103945.0 
 0 712.0 49387.164 100.0 103950.0 
 0 713.0 49387.375 100.0 103955.0 
 0 714.0 49387.137 100.0 104000.0 
 0 715.0 49386.887 100.0 104005.0 
 0 716.0 49386.89 100.0 104010.0 
 0 717.0 49387.023 100.0 104015.0 
 0 718.0 49387.188 100.0 104020.0 
 0 719.0 49387.22 100.0 104025.0 
 0 720.0 49387.13 100.0 104030.0 
 0 721.0 49386.95 100.0 104035.0 
 0 722.0 49386.91 100.0 104040.0 
 0 723.0 49386.926 100.0 104045.0 
 0 724.0 49386.996 100.0 104050.0 
 0 725.0 49387.23 100.0 104055.0 
 0 726.0 49387.113 100.0 104100.0 
 0 727.0 49386.93 100.0 104105.0 
 0 728.0 49386.9 100.0 104110.0 
 0 729.0 49386.84 100.0 104115.0 
 0 730.0 49386.97 100.0 104120.0 
 0 731.0 49387.105 100.0 104125.0 
 0 732.0 49386.547 100.0 104130.0 
 0 733.0 49386.523 100.0 104135.0 
 0 734.0 49386.508 100.0 104140.0 
 0 735.0 49386.797 100.0 104145.0 
 0 736.0 49386.914 100.0 104150.0 
 0 737.0 49387.016 100.0 104155.0 
 0 738.0 49387.01 100.0 104200.0 
 0 739.0 49387.535 100.0 104205.0 
 0 740.0 49387.87 100.0 104210.0 
 0 741.0 49387.91 100.0 104215.0 
 0 742.0 49387.76 100.0 104220.0 
 0 743.0 49387.68 100.0 104225.0 
 0 744.0 49387.664 100.0 104230.0 
 0 745.0 49387.766 97.0 104235.0 
 0 746.0 49387.926 100.0 104240.0 
 0 747.0 49387.617 100.0 104245.0 
 0 748.0 49387.84 100.0 104250.0 
 0 749.0 49387.965 100.0 104255.0 
 0 750.0 49387.79 100.0 104300.0 
 0 751.0 49387.805 100.0 104305.0 
 0 752.0 49387.684 100.0 104310.0 
 0 753.0 49387.543 100.0 104315.0 
 0 754.0 49387.117 100.0 104320.0 
 0 755.0 49386.65 88.0 104325.0 
 0 756.0 49386.42 100.0 104330.0 
 0 757.0 49386.586 100.0 104335.0 
 0 758.0 49387.01 100.0 104340.0 
 0 759.0 49387.055 100.0 104345.0 
 0 760.0 49386.92 100.0 104350.0 
 0 761.0 49387.02 100.0 104355.0 
 0 762.0 49387.246 100.0 104400.0 
 0 763.0 49387.387 100.0 104405.0 
 0 764.0 49387.438 100.0 104410.0 
 0 765.0 49387.43 100.0 104415.0 
 0 766.0 49387.438 100.0 104420.0 
 0 767.0 49387.2 100.0 104425.0 
 0 768.0 49387.145 100.0 104430.0 
 0 769.0 49387.137 100.0 104435.0 
 0 770.0 49387.42 100.0 104440.0 
 0 771.0 49387.484 100.0 104445.0 
 0 772.0 49387.47 100.0 104450.0 
 0 773.0 49380.965 100.0 104455.0 
 0 774.0 49391.473 100.0 104500.0 
 0 775.0 49391.484 100.0 104505.0 
 0 776.0 49390.52 100.0 104510.0 
 0 777.0 49387.89 100.0 104515.0 
 0 778.0 49388.258 100.0 104520.0 
 0 779.0 49389.08 100.0 104525.0 
 0 780.0 49389.54 100.0 104530.0 
 0 781.0 49389.953 100.0 104535.0 
 0 782.0 49381.207 100.0 104540.0 
 0 783.0 49381.09 100.0 104545.0 
 0 784.0 49335.242 44.0 104550.0 
 0 785.0 49399.547 100.0 104555.0 
 0 786.0 49408.023 100.0 104600.0 
 0 787.0 49374.113 100.0 104605.0 
 0 788.0 49372.363 87.0 104610.0 
 0 789.0 49312.586 51.0 104615.0 
 0 790.0 49407.99 100.0 104620.0 

